n	rule	best	ratio
2	3	3	100.000%
3	12	12	100.000%
4	29	29	100.000%
5	58	56	103.571%
6	141	131	107.634%
7	220	208	105.769%
8	325	322	100.932%
9	615	560	109.821%
10	827	779	106.162%
11	1106	1076	102.788%
12	1806	1621	111.413%
13	2257	2100	107.476%
14	2874	2737	105.005%
15	3580	3552	100.788%
16	5122	4672	109.632%
17	6161	5824	105.786%
18	7414	7237	102.446%
19	10066	9112	110.470%
20	11841	11009	107.557%
21	13878	13244	104.787%
22	16251	15857	102.485%
23	20676	19048	108.547%
24	23752	22394	106.064%
25	27255	26224	103.932%
